9954 105
9954 273
3681 173
9954 273
3681 284
6515 151
9954 166
3681 284
6515 248
3681 106
6515 279
7034 35
6515 121
7034 121
6515 29
7034 172
261 21
7034 136
261 87
805 5
7034 50
261 87
805 120
261 65
805 235
536 65
805 230
536 79
1816 112
805 110
536 79
1816 176
6487 22
536 13
1816 176
6487 94
1816 61
6487 115
9921 53
6487 90
9921 102
6116 1
6487 21
9921 102
6116 8
6458 65
9921 49
6116 8
6458 131
6116 7
6458 182
9036 9
6458 117
9036 44
6458 51
9036 53
9005 40
9036 44
9005 65
9036 8
9005 67
312 107
9005 27
312 114
1552 66
9005 2
312 114
1552 86
8225 8
312 4
1552 86
8225 8
1552 20
8225 8
