6487 22
6487 94
6487 115
6487 90
6487 21
1816 112
1816 176
1816 176
1816 61
9005 40
9005 65
9005 67
9005 27
9005 2
9954 105
9954 273
9954 273
9954 166
6458 65
6458 131
6458 182
6458 117
6458 51
8225 8
8225 8
8225 8
3681 173
3681 284
3681 284
3681 106
9921 53
9921 102
9921 102
9921 49
1552 66
1552 86
1552 86
1552 20
6515 151
6515 248
6515 279
6515 121
6515 29
261 21
261 87
261 87
261 65
6116 1
6116 8
6116 8
6116 7
7034 35
7034 121
7034 172
7034 136
805 5
7034 50
805 120
805 235
536 65
805 230
536 79
805 110
536 79
536 13
9036 9
9036 44
9036 53
9036 44
312 107
9036 8
312 114
312 114
312 4
